
PART A:

Symmetric matrix A:
  0.138268	  0.358249	  0.717416	  0.271039	  0.468458	
  0.358249	  0.395547	  0.396407	  0.922915	  0.230505	
  0.717416	  0.396407	 0.0610161	  0.407648	  0.120963	
  0.271039	  0.922915	  0.407648	  0.666104	  0.602564	
  0.468458	  0.230505	  0.120963	  0.602564	  0.179944	

Eigenvectors:
  0.623744	  0.222034	         0	         0	  0.370025	
         0	  0.651691	    0.4442	   0.29817	  0.505623	
         0	         0	  0.345347	         0	   0.35348	
  0.327095	         0	         0	  0.476704	  0.602454	
         0	   0.20256	         0	         0	  0.345727	

Eigenvalues:
         0	         0	         0	         0	         0	
         0	         0	         0	         0	         0	
         0	         0	 0.0871152	         0	6.44296e-10	
         0	         0	         0	  0.374232	         0	
         0	         0	6.44296e-10	         0	   2.19212	

Diagonal test, V^T * A * V = D:
         0	         0	         0	         0	         0	
         0	         0	         0	         0	         0	
         0	         0	 0.0871152	         0	6.44296e-10	
         0	         0	         0	  0.374232	         0	
         0	         0	6.44295e-10	         0	   2.19212	

Identity test, V^T * V:
         1	         0	         0	         0	         0	
         0	         1	         0	         0	         0	
         0	         0	         1	         0	         0	
         0	         0	         0	         1	         0	
         0	         0	         0	         0	         1	

Test of V * D * V^T = A:
  0.138268	  0.358249	  0.717416	  0.271039	  0.468458	
  0.358249	  0.395547	  0.396407	  0.922915	  0.230505	
  0.717416	  0.396407	 0.0610161	  0.407648	  0.120963	
  0.271039	  0.922915	  0.407648	  0.666104	  0.602564	
  0.468458	  0.230505	  0.120963	  0.602564	  0.179944	


PART B:

calculated vs. exact energies
0 9.86648 9.8696
1 39.4285 39.4784
2 88.5739 88.8264
3 157.116 157.914
4 244.796 246.74
5 351.279 355.306
6 476.164 483.611
7 618.975 631.655
8 779.17 799.438
9 956.144 986.96
10 1149.22 1194.22
11 1357.68 1421.22
12 1580.71 1667.96
13 1817.48 1934.44
14 2067.09 2220.66
15 2328.6 2526.62
