
PART A:

Symmetric matrix A:
  0.519037	 0.0128283	  0.365903	  0.820731	  0.148726	
 0.0128283	  0.241427	  0.286917	  0.664216	  0.101684	
  0.365903	  0.286917	 0.0119268	  0.820238	  0.653576	
  0.820731	  0.664216	  0.820238	  0.884062	   0.53956	
  0.148726	  0.101684	  0.653576	   0.53956	  0.084464	

Eigenvectors:
         0	         0	  0.200491	         0	  0.409335	
         0	         0	  0.558598	  0.593292	  0.285156	
  0.807492	         0	         0	  0.135569	  0.420515	
         0	  0.675467	  0.194343	 0.0378294	  0.687884	
         0	         0	         0	  0.195576	  0.317983	

Eigenvalues:
         0	         0	         0	         0	         0	
         0	         0	         0	         0	         0	
         0	         0	  0.160641	         0	         0	
         0	         0	         0	  0.366252	         0	
         0	         0	         0	         0	   2.39864	

Diagonal test, V^T * A * V = D:
         0	         0	         0	         0	         0	
         0	         0	         0	         0	         0	
         0	         0	  0.160641	         0	         0	
         0	         0	         0	  0.366252	         0	
         0	         0	         0	         0	   2.39864	

Identity test, V^T * V:
         1	         0	         0	         0	         0	
         0	         1	         0	         0	         0	
         0	         0	         1	         0	         0	
         0	         0	         0	         1	         0	
         0	         0	         0	         0	         1	

Test of V * D * V^T = A:
  0.519037	 0.0128283	  0.365903	  0.820731	  0.148726	
 0.0128283	  0.241427	  0.286917	  0.664216	  0.101684	
  0.365903	  0.286917	 0.0119268	  0.820238	  0.653576	
  0.820731	  0.664216	  0.820238	  0.884062	   0.53956	
  0.148726	  0.101684	  0.653576	   0.53956	  0.084464	


PART B:

calculated vs. exact energies
0 9.86648 9.8696
1 39.4285 39.4784
2 88.5739 88.8264
3 157.116 157.914
4 244.796 246.74
5 351.279 355.306
6 476.164 483.611
7 618.975 631.655
8 779.17 799.438
9 956.144 986.96
10 1149.22 1194.22
11 1357.68 1421.22
12 1580.71 1667.96
13 1817.48 1934.44
14 2067.09 2220.66
15 2328.6 2526.62
