a = 142.404
lambda = -0.171379
dap = 143.405
dlambdap = -0.167844
dam = 141.404
dlambdam = -0.174915
