gamma(5) = 24
J(0.5)= 0.93847
sqrt(-2) = 0 + I * 1.41421 
exp(i*pi) = -1 + I * 1.22465e-16 
exp(i) = 0.540302 + I * 0.841471 
i^e = -0.42822 + I * -0.903675 
i^i = 0.20788 + I * 0 
float: 1/9 = 0.1111111119389533996582031
double: 1/9 = 0.1111111111111111049432054
float: 1/9 = 0.1111111111111111111096053
